850
783
711
518
876
219
909
836
984
685
742
343
572
167
318
849
900
798
33
329
760
863
376
710
229
976
610
357
129
724
850
852
514
45
91
992
41
630
110
994
575
929
967
560
750
665
64
816
488
361
296
106
691
45
883
307
395
182
877
613
692
870
188
731
647
525
188
20
229
604
633
419
21
375
651
905
97
417
50
855
984
290
17
894
82
790
590
745
251
303
931
137
531
28
532
46
137
269
965
434
911
569
682
144
417
175
680
836
722
244
547
650
700
194
516
810
393
872
700
517
553
487
555
297
3
844
23
434
856
33
467
242
957
576
738
704
134
7
181
441
970
1
421
71
851
468
86
764
979
462
406
185
902
381
817
111
841
678
266
683
797
244
913
665
935
665
302
79
271
838
918
285
25
756
194
924
308
872
706
110
8
118
266
945
820
528
93
719
394
409
24
120
466
204
33
423
654
474
895
886
356
949
951
514
768
211
349
960
618
366
7
565
626
25
827
448
75
12
351
108
103
484
143
234
514
554
664
270
955
105
302
825
292
202
537
198
884
384
892
127
262
196
489
367
383
484
489
862
258
356
676
83
233
222
742
560
630
976
586
779
761
243
75
364
562
563
284
933
216
531
165
80
169
221
988
687
896
651
637
195
606
663
49
491
859
363
647
807
676
153
617
382
363
514
273
689
676
873
553
689
374
329
898
927
480
502
387
287
768
526
7
857
78
15
376
699
90
874
74
239
73
981
950
653
971
101
463
893
873
866
113
907
589
296
526
244
559
130
588
437
763
194
309
483
680
116
766
312
556
996
564
303
444
19
748
846
505
612
968
417
70
442
44
850
824
473
744
322
256
314
722
70
218
312
100
997
39
191
56
149
140
550
169
511
496
206
978
679
637
189
359
746
62
184
890
200
125
347
318
676
421
708
620
200
715
849
907
927
232
127
596
467
953
486
885
571
161
810
511
372
89
874
209
348
975
135
60
908
229
32
145
798
666
0
525
574
0
75
595
980
857
873
272
434
574
684
337
761
983
645
456
931
174
227
85
868
963
809
487
290
424
690
563
164
375
740
60
593
153
803
994
851
362
81
787
855
525
10
714
566
755
520
752
689
592
185
797
571
158
472
526
380
650
214
908
486
971
429
442
465
4
873
769
295
615
7
186
140
5
614
952
554
408
957
12
85
471
176
894
31
872
654
110
524
859
148
325
220
428
843
949
621
803
896
541
444
734
650
640
534
871
483
173
506
146
138
609
706
664
491
412
79
48
925
150
231
623
872
831
317
31
627
637
375
142
241
260
375
161
153
468
586
869
241
363
797
839
122
22
571
291
888
872
990
959
911
195
272
983
20
619
233
389
117
304
834
119
274
827
923
987
447
420
875
118
205
312
24
654
300
422
665
536
463
524
930
155
569
328
29
566
165
619
180
701
433
705
61
760
851
969
754
524
144
203
983
837
682
795
890
948
99
515
730
684
764
847
643
670
706
324
90
931
737
310
631
266
804
22
483
689
49
354
679
137
685
260
719
330
524
9
329
402
948
635
297
425
150
296
399
466
745
52
101
185
210
780
76
246
157
573
557
43
166
970
224
312
735
798
592
218
929
256
889
413
479
80
974
387
412
297
183
136
755
127
866
830
518
29
27
679
944
785
677
644
951
743
443
986
830
67
535
915
490
881
359
727
988
707
981
941
632
495
137
855
710
814
692
878
741
538
275
742
233
406
335
417
99
413
991
122
269
888
879
366
503
449
655
329
142
772
938
235
302
251
256
578
21
185
987
202
26
72
388
264
31
970
536
60
987
650
437
530
261
430
575
25
510
189
940
581
940
18
898
494
682
391
325
491
298
516
116
144
765
739
474
487
877
516
456
962
665
432
832
947
323
241
670
88
111
670
15
609
917
19
636
563
422
201
118
712
373
944
488
373
23
307
180
79
668
551
353
371
96
665
529
360
922
525
29
971
7
744
940
941
602
769
186
699
419
672
832
241
572
371
917
988
215
754
951
400
745
267
730
815
641
53
248
581
372
668
310
47
305
721
919
394
232
526
623
617
936
2
789
159
235
614
210
879
31
85
531
9
225
8
745
768
805
223
394
73
981
21
185
622
73
813
426
214
701
897
101
782
964
341
370
79
485
813
23
328
612
387
721
434
586
982
871
573
220
95
625
24
443
923
816
171
134
811
590
459
775
185
142
955
837
786
213
847
250
79
957
870
981
141
384
177
497
232
811
608
887
507
668
675
487
986
578
815
128
26
820
642
549
975
168
987
96
631
651
